22
45
1 22 1 1000
2 22 15 1000
3 11 5 1000
3 15 6 1000
3 17 6 1000
3 18 0 1000
3 22 2 1000
4 11 6 1000
4 15 4 1000
4 16 8 1000
4 17 8 1000
4 18 8 1000
4 22 4 1000
5 22 6 1000
6 15 6 1000
6 17 5 1000
6 22 11 1000
7 22 9 1000
8 11 5 1000
8 15 6 1000
8 22 9 1000
9 11 0 1000
9 12 13 1000
9 13 5 1000
9 15 5 1000
9 16 10 1000
9 17 7 1000
9 18 5 1000
9 22 9 1000
10 11 7 1000
10 15 7 1000
10 17 5 1000
10 18 6 1000
10 22 10 1000
21 11 2 1000
21 12 16 1000
21 13 3 1000
21 14 5 1000
21 15 7 1000
21 16 12 1000
21 17 10 1000
21 18 10 1000
21 19 10 1000
21 20 11 1000
21 22 0 1000
1
1
1
1
1
1
1
1
1
1
-1
-1
-1
-1
-1
-1
-1
-1
-1
-1
10
-10